DATE: 2024-02-20
TIME: 15:16:18
 reading user weak rate file /home/users/r/romangar/MESA/mesa-23051/data/rates_data/rate_tables/S13_r_be7_wk_li7.h5
 version_number r23.05.1
 read ../inlists/inlist_star_common
 read inlist_star
 read ../inlists/inlist_x_ctrls_POSYDON
 read inlist_star_step1


 The terminal output contains the following information

      'step' is the number of steps since the start of the run,
      'lg_dt' is log10 timestep in years,
      'age_yr' is the simulated years since the start run,
      'lg_Tcntr' is log10 center temperature (K),
      'lg_Dcntr' is log10 center density (g/cm^3),
      'lg_Tmax' is log10 max temperature (K),
      'Teff' is the surface temperature (K),
      'lg_R' is log10 surface radius (Rsun),
      'lg_L' is log10 surface luminosity (Lsun),
      'lg_LH' is log10 total PP and CNO hydrogen burning power (Lsun),
      'lg_L3a' is log10 total triple-alpha helium burning power (Lsun),
      'lg_gsurf' is log10 surface gravity,
      'lg_LNuc' is log10 nuclear power (Lsun),
      'lg_LNeu' is log10 total neutrino power (Lsun),
      'lg_Lphoto' is log10 total photodisintegration (Lsun),
      'Mass' is the total stellar baryonic mass (Msun),
      'lg_Mdot' is log10 magnitude of rate of change of mass (Msun/year),
      'lg_Dsurf' is log10 surface density (g/cm^3),
      'H_env' is the amount of mass where H is dominant,
      'He_core' is the largest mass where He is dominant.
      'CO_core' is the largest mass where CO is dominant.
      'H_cntr' is the center H1 mass fraction,
      'He_cntr' is the center He4 mass fraction,
      'C_cntr' is the center C12 mass fraction,
      'N_cntr' is the center N14 mass fraction,
      'O_cntr' is the center O16 mass fraction,
      'Ne_cntr' is the center Ne20 mass fraction,
      'gam_cntr' is the center plasma interaction parameter,
      'eta_cntr' is the center electron degeneracy parameter,
      'zones' is the number of zones in the current model,
      'iters' is the number of solver iterations for the current step,
      'retry' is the number of step retries required during the run,
      'dt_limit' is an indication of what limited the timestep.

 All this and more are saved in the LOGS directory during the run.
 create pre-main-sequence model
                                          species  mass          29    6.9999999999999984D-01

                                        relax_num_steps         300

 retry:  adjust_correction failed in eval_equations -- give up in solver       1
 first model is slow to converge: num tries          70
         10   5.477218   5034.810 -21.347789 -21.347789   0.700000   0.700000   0.759700   0.000005   0.240200  -7.146506   1075      1
-5.0000E+00   5.477218   1.293279 -99.000000 -21.991796 -99.000000   0.000000   0.240200   0.000047   0.000100   0.089230      3
 9.7500E-05  -2.924886   2.349184 -99.000000 -99.000000  -7.951927   0.000000   0.000017   0.000010   0.000100  0.000E+00        max_dt

 retry: max residual jumped -- give up in solver      12
         20   5.477219   4916.099 -21.347807 -21.347807   0.700000   0.700000   0.759700   0.000005   0.240200  -7.146506   1073      2
-5.0000E+00   5.477219   1.292114 -99.000000 -21.991814 -99.000000   0.000000   0.240200   0.000047   0.000100   0.089230      3
 1.9250E-04  -2.924884   2.305405 -99.000000 -99.000000  -7.845030   0.000000   0.000017   0.000010   0.000100  0.000E+00        max_dt

         30   5.477220   4850.634 -21.347815 -21.347815   0.700000   0.700000   0.759700   0.000005   0.240200  -7.146506   1071      2
-5.0000E+00   5.477220   1.291391 -99.000000 -21.991822 -99.000000   0.000000   0.240200   0.000047   0.000100   0.089230      3
 2.9250E-04  -2.924883   2.280670 -99.000000 -99.000000  -7.783744   0.000000   0.000017   0.000010   0.000100  0.000E+00        max_dt

         40   5.477220   4808.084 -21.347820 -21.347820   0.700000   0.700000   0.759700   0.000005   0.240200  -7.146506   1070      2
-5.0000E+00   5.477220   1.290883 -99.000000 -21.991827 -99.000000   0.000000   0.240200   0.000047   0.000100   0.089230      3
 3.9250E-04  -2.924883   2.264349 -99.000000 -99.000000  -7.743092   0.000000   0.000017   0.000010   0.000100  0.000E+00        max_dt

         50   5.477220   4777.110 -21.347822 -21.347822   0.700000   0.700000   0.759700   0.000005   0.240200  -7.146506   1069      2
-5.0000E+00   5.477220   1.290491 -99.000000 -21.991829 -99.000000   0.000000   0.240200   0.000047   0.000100   0.089230      3
 4.9250E-04  -2.924883   2.252337 -99.000000 -99.000000  -7.713111   0.000000   0.000017   0.000010   0.000100  0.000E+00        max_dt

         60   5.477220   4753.107 -21.347824 -21.347824   0.700000   0.700000   0.759700   0.000005   0.240200  -7.146506   1068      2
-5.0000E+00   5.477220   1.290172 -99.000000 -21.991831 -99.000000   0.000000   0.240200   0.000047   0.000100   0.089230      3
 5.9250E-04  -2.924882   2.242949 -99.000000 -99.000000  -7.689689   0.000000   0.000017   0.000010   0.000100  0.000E+00        max_dt

         70   5.477220   4733.698 -21.347824 -21.347824   0.700000   0.700000   0.759700   0.000005   0.240200  -7.146506   1067      2
-5.0000E+00   5.477220   1.289905 -99.000000 -21.991831 -99.000000   0.000000   0.240200   0.000047   0.000100   0.089230      3
 6.9250E-04  -2.924882   2.235305 -99.000000 -99.000000  -7.670657   0.000000   0.000017   0.000010   0.000100  0.000E+00        max_dt

         80   5.477221   4717.655 -21.347825 -21.347825   0.700000   0.700000   0.759700   0.000005   0.240200  -7.146506   1069      2
-5.0000E+00   5.477221   1.289675 -99.000000 -21.991832 -99.000000   0.000000   0.240200   0.000047   0.000100   0.089230      3
 7.9250E-04  -2.924882   2.228948 -99.000000 -99.000000  -7.654873   0.000000   0.000017   0.000010   0.000100  0.000E+00        max_dt

         90   5.477221   4703.861 -21.347825 -21.347825   0.700000   0.700000   0.759700   0.000005   0.240200  -7.146506   1068      2
-5.0000E+00   5.477221   1.289472 -99.000000 -21.991832 -99.000000   0.000000   0.240200   0.000047   0.000100   0.089230      3
 8.9250E-04  -2.924882   2.223455 -99.000000 -99.000000  -7.641268   0.000000   0.000017   0.000010   0.000100  0.000E+00        max_dt

        100   5.477221   4691.972 -21.347825 -21.347825   0.700000   0.700000   0.759700   0.000005   0.240200  -7.146506   1068      2
-5.0000E+00   5.477221   1.289292 -99.000000 -21.991832 -99.000000   0.000000   0.240200   0.000047   0.000100   0.089230      3
 9.9250E-04  -2.924882   2.218698 -99.000000 -99.000000  -7.629517   0.000000   0.000017   0.000010   0.000100  0.000E+00        max_dt

        110   5.477221   4681.457 -21.347825 -21.347825   0.700000   0.700000   0.759700   0.000005   0.240200  -7.146506   1066      2
-5.0000E+00   5.477221   1.289129 -99.000000 -21.991832 -99.000000   0.000000   0.240200   0.000047   0.000100   0.089230      3
 1.0925E-03  -2.924882   2.214476 -99.000000 -99.000000  -7.619103   0.000000   0.000017   0.000010   0.000100  0.000E+00        max_dt

        120   5.477221   4672.189 -21.347824 -21.347824   0.700000   0.700000   0.759700   0.000005   0.240200  -7.146506   1066      2
-5.0000E+00   5.477221   1.288982 -99.000000 -21.991831 -99.000000   0.000000   0.240200   0.000047   0.000100   0.089230      3
 1.1925E-03  -2.924882   2.210738 -99.000000 -99.000000  -7.609905   0.000000   0.000017   0.000010   0.000100  0.000E+00        max_dt

        130   5.477221   4663.763 -21.347824 -21.347824   0.700000   0.700000   0.759700   0.000005   0.240200  -7.146506   1064      2
-5.0000E+00   5.477221   1.288846 -99.000000 -21.991831 -99.000000   0.000000   0.240200   0.000047   0.000100   0.089230      3
 1.2925E-03  -2.924881   2.207331 -99.000000 -99.000000  -7.601529   0.000000   0.000017   0.000010   0.000100  0.000E+00        max_dt

        140   5.477221   4656.153 -21.347824 -21.347824   0.700000   0.700000   0.759700   0.000005   0.240200  -7.146506   1064      2
-5.0000E+00   5.477221   1.288721 -99.000000 -21.991831 -99.000000   0.000000   0.240200   0.000047   0.000100   0.089230      3
 1.3925E-03  -2.924881   2.204244 -99.000000 -99.000000  -7.593950   0.000000   0.000017   0.000010   0.000100  0.000E+00        max_dt

        150   5.477221   4649.334 -21.347823 -21.347823   0.700000   0.700000   0.759700   0.000005   0.240200  -7.146506   1063      2
-5.0000E+00   5.477221   1.288605 -99.000000 -21.991831 -99.000000   0.000000   0.240200   0.000047   0.000100   0.089230      3
 1.4925E-03  -2.924881   2.201467 -99.000000 -99.000000  -7.587145   0.000000   0.000017   0.000010   0.000100  0.000E+00        max_dt

        160   5.477221   4643.119 -21.347823 -21.347823   0.700000   0.700000   0.759700   0.000005   0.240200  -7.146506   1063      2
-5.0000E+00   5.477221   1.288498 -99.000000 -21.991830 -99.000000   0.000000   0.240200   0.000047   0.000100   0.089230      3
 1.5925E-03  -2.924881   2.198929 -99.000000 -99.000000  -7.580933   0.000000   0.000017   0.000010   0.000100  0.000E+00        max_dt

        170   5.477221   4637.401 -21.347823 -21.347823   0.700000   0.700000   0.759700   0.000005   0.240200  -7.146506   1063      2
-5.0000E+00   5.477221   1.288398 -99.000000 -21.991830 -99.000000   0.000000   0.240200   0.000047   0.000100   0.089230      3
 1.6925E-03  -2.924881   2.196588 -99.000000 -99.000000  -7.575208   0.000000   0.000017   0.000010   0.000100  0.000E+00        max_dt

        180   5.477221   4632.118 -21.347823 -21.347823   0.700000   0.700000   0.759700   0.000005   0.240200  -7.146506   1063      2
-5.0000E+00   5.477221   1.288304 -99.000000 -21.991830 -99.000000   0.000000   0.240200   0.000047   0.000100   0.089230      3
 1.7925E-03  -2.924881   2.194420 -99.000000 -99.000000  -7.569910   0.000000   0.000017   0.000010   0.000100  0.000E+00        max_dt

        190   5.477221   4627.217 -21.347822 -21.347822   0.700000   0.700000   0.759700   0.000005   0.240200  -7.146506   1063      2
-5.0000E+00   5.477221   1.288215 -99.000000 -21.991829 -99.000000   0.000000   0.240200   0.000047   0.000100   0.089230      3
 1.8925E-03  -2.924881   2.192403 -99.000000 -99.000000  -7.564987   0.000000   0.000017   0.000010   0.000100  0.000E+00        max_dt

        200   5.477221   4622.656 -21.347822 -21.347822   0.700000   0.700000   0.759700   0.000005   0.240200  -7.146506   1063      2
-5.0000E+00   5.477221   1.288131 -99.000000 -21.991829 -99.000000   0.000000   0.240200   0.000047   0.000100   0.089230      3
 1.9925E-03  -2.924881   2.190522 -99.000000 -99.000000  -7.560398   0.000000   0.000017   0.000010   0.000100  0.000E+00        max_dt

        210   5.477221   4618.300 -21.347822 -21.347822   0.700000   0.700000   0.759700   0.000005   0.240200  -7.146506   1061      2
-5.0000E+00   5.477221   1.288051 -99.000000 -21.991829 -99.000000   0.000000   0.240200   0.000047   0.000100   0.089230      3
 2.0925E-03  -2.924881   2.188724 -99.000000 -99.000000  -7.556012   0.000000   0.000017   0.000010   0.000100  0.000E+00        max_dt

        220   5.477221   4614.317 -21.347821 -21.347821   0.700000   0.700000   0.759700   0.000005   0.240200  -7.146506   1061      2
-5.0000E+00   5.477221   1.287976 -99.000000 -21.991828 -99.000000   0.000000   0.240200   0.000047   0.000100   0.089230      3
 2.1925E-03  -2.924881   2.187075 -99.000000 -99.000000  -7.551994   0.000000   0.000017   0.000010   0.000100  0.000E+00        max_dt

        230   5.477221   4610.538 -21.347821 -21.347821   0.700000   0.700000   0.759700   0.000005   0.240200  -7.146506   1059      2
-5.0000E+00   5.477221   1.287904 -99.000000 -21.991828 -99.000000   0.000000   0.240200   0.000047   0.000100   0.089230      3
 2.2925E-03  -2.924881   2.185508 -99.000000 -99.000000  -7.548177   0.000000   0.000017   0.000010   0.000100  0.000E+00        max_dt

        240   5.477221   4607.010 -21.347821 -21.347821   0.700000   0.700000   0.759700   0.000005   0.240200  -7.146506   1058      2
-5.0000E+00   5.477221   1.287835 -99.000000 -21.991828 -99.000000   0.000000   0.240200   0.000047   0.000100   0.089230      3
 2.3925E-03  -2.924881   2.184041 -99.000000 -99.000000  -7.544609   0.000000   0.000017   0.000010   0.000100  0.000E+00        max_dt

        250   5.477221   4603.693 -21.347820 -21.347820   0.700000   0.700000   0.759700   0.000005   0.240200  -7.146506   1061      2
-5.0000E+00   5.477221   1.287770 -99.000000 -21.991827 -99.000000   0.000000   0.240200   0.000047   0.000100   0.089230      3
 2.4925E-03  -2.924881   2.182659 -99.000000 -99.000000  -7.541249   0.000000   0.000017   0.000010   0.000100  0.000E+00        max_dt

        260   5.477221   4600.547 -21.347820 -21.347820   0.700000   0.700000   0.759700   0.000005   0.240200  -7.146506   1060      2
-5.0000E+00   5.477221   1.287708 -99.000000 -21.991827 -99.000000   0.000000   0.240200   0.000047   0.000100   0.089230      3
 2.5925E-03  -2.924881   2.181347 -99.000000 -99.000000  -7.538060   0.000000   0.000017   0.000010   0.000100  0.000E+00        max_dt

        270   5.477221   4597.114 -21.347820 -21.347820   0.700000   0.700000   0.759700   0.000005   0.240200  -7.146506   1056      2
-5.0000E+00   5.477221   1.287645 -99.000000 -21.991827 -99.000000   0.000000   0.240200   0.000047   0.000100   0.089230      3
 2.6925E-03  -2.924881   2.179925 -99.000000 -99.000000  -7.534584   0.000000   0.000017   0.000010   0.000100  0.000E+00        max_dt

        280   5.477221   4594.312 -21.347820 -21.347820   0.700000   0.700000   0.759700   0.000005   0.240200  -7.146506   1058      2
-5.0000E+00   5.477221   1.287588 -99.000000 -21.991827 -99.000000   0.000000   0.240200   0.000047   0.000100   0.089230      3
 2.7925E-03  -2.924881   2.178751 -99.000000 -99.000000  -7.531736   0.000000   0.000017   0.000010   0.000100  0.000E+00        max_dt

        290   5.477221   4591.668 -21.347819 -21.347819   0.700000   0.700000   0.759700   0.000005   0.240200  -7.146506   1057      2
-5.0000E+00   5.477221   1.287533 -99.000000 -21.991826 -99.000000   0.000000   0.240200   0.000047   0.000100   0.089230      3
 2.8925E-03  -2.924881   2.177642 -99.000000 -99.000000  -7.529045   0.000000   0.000017   0.000010   0.000100  0.000E+00        max_dt

        300   5.477221   4589.140 -21.347819 -21.347819   0.700000   0.700000   0.759700   0.000005   0.240200  -7.146506   1056      2
-5.0000E+00   5.477221   1.287480 -99.000000 -21.991826 -99.000000   0.000000   0.240200   0.000047   0.000100   0.089230      3
 2.9925E-03  -2.924881   2.176579 -99.000000 -99.000000  -7.526471   0.000000   0.000017   0.000010   0.000100  0.000E+00        max_dt


 finished doing relax num steps


                                relax_to_radiative_core

         10   5.477222   4517.097 -21.347799 -21.347799   0.700000   0.700000   0.759700   0.000005   0.240200  -7.146506   1058      0
-2.2907E+00   5.477222   1.285593 -99.000000 -21.991807 -99.000000   0.000000   0.240200   0.000047   0.000100   0.089230      3
 1.0230E-02  -2.924879   2.145318 -99.000000 -99.000000  -7.451817   0.000000   0.000017   0.000010   0.000100  0.000E+00  max increase

           waiting for fully convective core to develop          10    1.5216208414792681D-01
         20   5.479459   4487.250 -21.309389 -21.309389   0.700000   0.700000   0.759700   0.000005   0.240200  -7.146423   1058      0
 7.1957E-01   5.479459   1.282160 -99.000000 -21.953396 -99.000000   0.000000   0.240200   0.000047   0.000100   0.089002      3
 1.0486E+01  -2.921494   2.126935 -99.000000 -99.000000  -7.416957   0.000000   0.000017   0.000010   0.000100  0.000E+00  max increase

           waiting for fully convective core to develop          20    6.6449344455246889D-02
         30   5.601685   4573.850 -19.032879 -19.032879   0.700000   0.700000   0.759700   0.000005   0.240200  -6.737762   1070      0
 2.4191E+00   5.601685   1.150911 -99.000000 -19.676886 -99.000000   0.000000   0.240200   0.000047   0.000100   0.088593      3
 1.3082E+03  -2.560824   1.897644 -99.000000 -99.000000  -7.327652   0.000000   0.000017   0.000010   0.000100  0.000E+00    varcontrol

             relative mass of radiative core still tiny          30    7.8129492608186579D-08
         40   5.778288   4687.689 -16.021145 -16.021145   0.700000   0.700000   0.759700   0.000005   0.240200  -6.134040   1084      0
 2.9308E+00   5.778288   0.962720 -99.000000 -16.665152 -99.000000   0.000000   0.240200   0.000047   0.000100   0.088394      3
 6.6304E+03  -2.033934   1.563969 -31.909180 -99.000000  -7.185006   0.000000   0.000017   0.000010   0.000100  0.000E+00    varcontrol

             relative mass of radiative core still tiny          40    7.8129491720008160D-08
         50   5.953069   4780.688 -13.356332 -13.356332   0.700000   0.700000   0.759700   0.000005   0.240200  -5.531957   1108      0
 3.4354E+00   5.953069   0.779258 -99.000000 -14.000339 -99.000000   0.000000   0.240200   0.000047   0.000100   0.088328      3
 2.3714E+04  -1.510569   1.231172 -99.000000 -99.000000  -7.026531   0.000000   0.000017   0.000010   0.000100  0.000E+00    varcontrol

             relative mass of radiative core still tiny          50    7.8129492164097369D-08
         60   6.125524   4842.059 -10.997017 -10.997017   0.700000   0.700000   0.759700   0.000005   0.240200  -4.935499   1123      0
 3.9373E+00   6.125524   0.600463 -99.000000 -11.641024 -99.000000   0.000000   0.240200   0.000047   0.000100   0.088320      3
 7.8075E+04  -0.993326   0.895741 -99.000000 -99.000000  -6.844388   0.000000   0.000017   0.000010   0.000100  0.000E+00    varcontrol

             relative mass of radiative core still tiny          60    7.8129492164097369D-08
         70   6.295003   4864.706  -8.907614  -8.907614   0.700000   0.700000   0.759700   0.000005   0.240200  -4.347388   1151      0
 4.4394E+00   6.295003   0.426370 -99.000000  -9.551643 -99.000000   0.000000   0.240200   0.000047   0.000100   0.088345      3
 2.5067E+05  -0.484514   0.555660 -99.000000 -99.000000  -6.633623   0.000000   0.000017   0.000010   0.000100  0.000E+00    varcontrol

             relative mass of radiative core still tiny          70    7.8129491275918950D-08
         80   6.460866   4835.296  -7.053217  -7.053217   0.700000   0.700000   0.759700   0.000005   0.240200  -3.769138   1162      0
 4.9449E+00   6.460866   0.257068 -99.000000  -7.699991 -99.000000   0.000000   0.240200   0.000047   0.000100   0.088407      3
 8.0167E+05   0.013986   0.206521 -99.000000 -99.000000  -6.384055   0.000000   0.000017   0.000010   0.000100  0.000E+00    varcontrol

             relative mass of radiative core still tiny          80    7.8129491275918950D-08
                 finished relax to begin radiative core          82    1.1019353115741167D-02

 finished doing relax_to_radiative_core

                                        set_initial_age    0.0000000000000000D+00
                                                set_age    0.0000000000000000D+00
                               set_initial_model_number           0
                             set_initial_number_retries           0
 new_rotation_flag T
                                 new_surface_rotation_v           0    0.0000000000000000D+00    0.0000000000000000D+00
                                             relax_mass    1.0000000000000000D+03

                                           current mass    6.9999999999999984D-01
                                      relax to new_mass    1.0000000000000000D+03
                                        lg_max_abs_mdot   -1.0000000000000000D+02

 retry: max residual jumped -- give up in solver       5
         10   6.498108   4815.736   6.422265   6.422265   0.700003   0.700003   0.751186   0.000007   0.248555  -3.666233   1207      1
-2.7167E+00   6.498108   0.221927 -99.000000  -7.328695  -3.124178   0.000000   0.248555   0.000123   0.000258   0.088163      4
 3.9900E-03   0.116273   0.129198 -99.000000 -99.000000  -6.337302   0.000000   0.000025   0.000035   0.000258  0.000E+00  max increase

         20   6.421309   4846.673   5.541946   5.541946   0.700896   0.700896   0.751186   0.000007   0.248555  -3.934935   1180      1
-5.9245E-01   6.421309   0.300661 -99.000000  -8.145385  -3.000000   0.000000   0.248555   0.000123   0.000258   0.088119      3
 8.9851E-01  -0.114775   0.297790 -99.000000 -99.000000  -6.463686   0.000000   0.000025   0.000035   0.000258  0.000E+00    varcontrol

         30   6.314787   4877.432   4.241930   4.241930   0.718531   0.718531   0.751186   0.000007   0.248555  -4.354060   1154      1
 6.8420E-01   6.314787   0.420225 -99.000000  -9.351379  -3.000000   0.000000   0.248555   0.000123   0.000258   0.086691      3
 1.8533E+01  -0.455635   0.547908 -99.000000 -99.000000  -6.637586   0.000000   0.000025   0.000035   0.000258  0.000E+00    varcontrol

         40   6.276436   4932.125   3.698415   3.698415   0.822285   0.822285   0.751186   0.000007   0.248555  -4.753708   1221      1
 1.0250E+00   6.276436   0.517640 -99.000000  -9.859311  -3.000000   0.000000   0.248555   0.000123   0.000258   0.079341      3
 1.2229E+02  -0.686107   0.762110 -99.000000 -99.000000  -6.772769   0.000000   0.000025   0.000035   0.000258  0.000E+00   delta_mstar

         50   6.277062   4979.854   3.646301   3.646301   0.944217   0.944217   0.751186   0.000007   0.248555  -5.024722   1290      1
 1.0309E+00   6.277062   0.576587 -99.000000  -9.912035  -3.000000   0.000000   0.248555   0.000123   0.000258   0.072453      3
 2.4422E+02  -0.802561   0.896734 -99.000000 -99.000000  -6.850809   0.000000   0.000025   0.000035   0.000258  0.000E+00   delta_mstar

         60   6.282343   5027.337   3.644345   3.644345   1.108245   1.108245   0.751186   0.000007   0.248555  -5.322825   1355      1
 1.2663E+00   6.282343   0.640179 -99.000000  -9.918975  -3.000000   0.000000   0.248555   0.000123   0.000258   0.065215      3
 4.0825E+02  -0.923848   1.040404 -99.000000 -99.000000  -6.928152   0.000000   0.000025   0.000035   0.000258  0.000E+00   delta_mstar

         70   6.287537   5062.788   3.648789   3.648789   1.278280   1.278280   0.751186   0.000007   0.248555  -5.586665   1404      1
 1.1736E+00   6.287537   0.696328 -99.000000  -9.919403  -3.000000   0.000000   0.248555   0.000123   0.000258   0.059376      3
 5.7828E+02  -1.030470   1.164908 -99.000000 -99.000000  -6.990368   0.000000   0.000025   0.000035   0.000258  0.000E+00   delta_mstar

         80   6.293344   5095.711   3.655608   3.655608   1.494430   1.494430   0.751186   0.000007   0.248555  -5.874631   1396      1
 1.5065E+00   6.293344   0.757590 -99.000000  -9.918028  -3.000000   0.000000   0.248555   0.000123   0.000258   0.053588      3
 7.9443E+02  -1.146678   1.298693 -99.000000 -99.000000  -7.053171   0.000000   0.000025   0.000035   0.000258  0.000E+00   delta_mstar

         90   6.298825   5121.512   3.661759   3.661759   1.734035   1.734035   0.751186   0.000007   0.248555  -6.148371   1396      1
 1.3283E+00   6.298825   0.815887 -99.000000  -9.916997  -3.000000   0.000000   0.248555   0.000123   0.000258   0.048611      3
 1.0340E+03  -1.257237   1.424060 -99.000000 -99.000000  -7.108360   0.000000   0.000025   0.000035   0.000258  0.000E+00   delta_mstar

        100   6.304209   5142.427   3.668167   3.668167   2.007319   2.007319   0.751186   0.000007   0.248555  -6.417025   1413      1
 1.5447E+00   6.304209   0.873180 -99.000000  -9.915610  -3.000000   0.000000   0.248555   0.000123   0.000258   0.044175      3
 1.3073E+03  -1.365759   1.545725 -99.000000 -99.000000  -7.158974   0.000000   0.000025   0.000035   0.000258  0.000E+00    varcontrol

        110   6.310038   5160.868   3.675793   3.675793   2.351258   2.351258   0.751186   0.000007   0.248555  -6.706108   1380      1
 1.5059E+00   6.310038   0.934959 -99.000000  -9.913402  -3.000000   0.000000   0.248555   0.000123   0.000258   0.039851      3
 1.6513E+03  -1.482498   1.675503 -99.000000 -99.000000  -7.210232   0.000000   0.000025   0.000035   0.000258  0.000E+00   delta_mstar

        120   6.315137   5173.953   3.682301   3.682301   2.707383   2.707383   0.751186   0.000007   0.248555  -6.962731   1400      1
 1.4892E+00   6.315137   0.989990 -99.000000  -9.911638  -3.000000   0.000000   0.248555   0.000123   0.000258   0.036371      3
 2.0074E+03  -1.586255   1.789965 -99.000000 -99.000000  -7.253279   0.000000   0.000025   0.000035   0.000258  0.000E+00   delta_mstar

        130   6.321000   5185.486   3.691328   3.691328   3.182763   3.182763   0.751186   0.000007   0.248555  -7.254685   1391      1
 1.7327E+00   6.321000   1.052854 -99.000000  -9.908069  -3.000000   0.000000   0.248555   0.000123   0.000258   0.032777      3
 2.4828E+03  -1.704216   1.919560 -99.000000 -99.000000  -7.299664   0.000000   0.000025   0.000035   0.000258  0.000E+00   delta_mstar

        140   6.326073   5193.297   3.699076   3.699076   3.675230   3.675230   0.751186   0.000007   0.248555  -7.512084   1400      1
 1.6330E+00   6.326073   1.108641 -99.000000  -9.905045  -3.000000   0.000000   0.248555   0.000123   0.000258   0.029907      3
 2.9752E+03  -1.808365   2.033748 -99.000000 -99.000000  -7.338901   0.000000   0.000025   0.000035   0.000258  0.000E+00   delta_mstar

        150   6.331564   5199.595   3.709268   3.709268   4.299441   4.299441   0.751186   0.000007   0.248555  -7.789031   1398      1
 1.9686E+00   6.331564   1.169126 -99.000000  -9.899983  -3.000000   0.000000   0.248555   0.000123   0.000258   0.027099      3
 3.5994E+03  -1.920384   2.156824 -99.000000 -99.000000  -7.379544   0.000000   0.000025   0.000035   0.000258  0.000E+00   delta_mstar

        160   6.336628   5203.759   3.719419   3.719419   4.994472   4.994472   0.751186   0.000007   0.248555  -8.049486   1395      1
 1.7893E+00   6.336628   1.226628 -99.000000  -9.894586  -3.000000   0.000000   0.248555   0.000123   0.000258   0.024701      3
 4.2945E+03  -2.025883   2.273217 -99.000000 -99.000000  -7.416583   0.000000   0.000025   0.000035   0.000258  0.000E+00   delta_mstar

        170   6.341498   5206.520   3.730817   3.730817   5.786985   5.786985   0.751186   0.000007   0.248555  -8.300390   1398      1
 2.0051E+00   6.341498   1.282747 -99.000000  -9.887763  -3.000000   0.000000   0.248555   0.000123   0.000258   0.022592      3
 5.0870E+03  -2.127531   2.386378 -99.000000 -99.000000  -7.451429   0.000000   0.000025   0.000035   0.000258  0.000E+00    varcontrol

        180   6.346578   5208.394   3.745362   3.745362   6.782144   6.782144   0.751186   0.000007   0.248555  -8.563843   1407      1
 1.9676E+00   6.346578   1.342657 -99.000000  -9.878050  -3.000000   0.000000   0.248555   0.000123   0.000258   0.020573      3
 6.0821E+03  -2.234315   2.506822 -99.000000 -99.000000  -7.487369   0.000000   0.000025   0.000035   0.000258  0.000E+00   delta_mstar

        190   6.350650   5209.910   3.757775   3.757775   7.817799   7.817799   0.751186   0.000007   0.248555  -8.785144   1403      1
 1.9502E+00   6.350650   1.400153 -99.000000  -9.869545  -3.000000   0.000000   0.248555   0.000123   0.000258   0.019020      3
 7.1178E+03  -2.324310   2.622321 -99.000000 -99.000000  -7.524638   0.000000   0.000025   0.000035   0.000258  0.000E+00   delta_mstar

        200   6.352499   5218.945   3.750474   3.750474   9.182544   9.182544   0.751186   0.000007   0.248555  -8.980856   1392      1
 2.1758E+00   6.352499   1.518666 -99.000000  -9.878712  -3.000000   0.000000   0.248555   0.000123   0.000258   0.017781      3
 8.4825E+03  -2.406527   2.862357 -99.000000 -99.000000  -7.645051   0.000000   0.000025   0.000035   0.000258  0.000E+00   delta_mstar

 retry: max residual jumped -- give up in solver     204
 retry: max residual jumped -- give up in solver     204
 retry:  logRho > hydro_mtx_max_allowed_logRho          78     205
 retry:  logRho > hydro_mtx_max_allowed_logRho          82     205
 retry:  logRho > hydro_mtx_max_allowed_logRho          77     205
 retry:  logT < hydro_mtx_min_allowed_logT         128     205
 retry: eos evaluted at too low a density     205
        210   6.356249   6073.604   3.783459   3.783459  10.030817  10.030817   0.751186   0.000007   0.248555  -9.059214   1443      8
 2.3363E+00   6.356249   1.752013 -99.000000  -9.849152  -3.000000   0.000000   0.248555   0.000123   0.000258   0.017248      4
 9.3308E+03  -2.434928   3.592505 -99.000000 -99.000000  -8.560283   0.000000   0.000025   0.000035   0.000258  0.000E+00  max increase

        220   6.375526   6747.315   3.984658   3.984658  11.766319  11.766319   0.751186   0.000007   0.248555  -9.238918   1448      8
 2.2822E+00   6.375526   1.805299 -99.000000  -9.665355  -3.000000   0.000000   0.248555   0.000123   0.000258   0.015889      4
 1.1066E+04  -2.484040   3.881816 -99.000000 -99.000000  -9.070046   0.000000   0.000025   0.000035   0.000258  0.000E+00   delta_mstar

        230   6.390642   7248.067   4.139001   4.139001  13.580538  13.580538   0.751186   0.000007   0.248555  -9.415737   1427      8
 2.2006E+00   6.390642   1.834683 -99.000000  -9.524588  -3.000000   0.000000   0.248555   0.000123   0.000258   0.014721      3
 1.2881E+04  -2.538145   4.064949 -99.000000 -99.000000  -9.474555   0.000000   0.000025   0.000035   0.000258  0.000E+00   delta_mstar

        240   6.407446   7777.341   4.314462   4.314462  15.907122  15.907122   0.751186   0.000007   0.248555  -9.597915   1416      8
 2.5480E+00   6.407446   1.863391 -99.000000  -9.364093  -3.000000   0.000000   0.248555   0.000123   0.000258   0.013589      4
 1.5207E+04  -2.592042   4.244800 -99.000000 -99.000000  -9.944526   0.000000   0.000025   0.000035   0.000258  0.000E+00   delta_mstar

        250   6.423569   8385.719   4.485630   4.485630  18.536670  18.536670   0.751186   0.000007   0.248555  -9.761947   1438      8
 2.3633E+00   6.423569   1.895430 -99.000000  -9.207127  -3.000000   0.000000   0.248555   0.000123   0.000258   0.012629      4
 1.7837E+04  -2.639081   4.439715 -99.000000 -99.000000 -10.363896   0.000000   0.000025   0.000035   0.000258  0.000E+00   delta_mstar

        260   6.439214   8975.944   4.653846   4.653846  21.552127  21.552127   0.751186   0.000007   0.248555  -9.912495   1448      8
 2.5941E+00   6.439214   1.923700 -99.000000  -9.052523  -3.000000   0.000000   0.248555   0.000123   0.000258   0.011797      3
 2.0852E+04  -2.680982   4.614415 -99.000000 -99.000000 -10.539540   0.000000   0.000025   0.000035   0.000258  0.000E+00    varcontrol

        270   6.455691   9649.118   4.833219   4.833219  25.421463  25.421463   0.751186   0.000007   0.248555 -10.066169   1445      8
 2.5548E+00   6.455691   1.955680 -99.000000  -8.887333  -3.000000   0.000000   0.248555   0.000123   0.000258   0.010997      3
 2.4721E+04  -2.722990   4.804003 -99.000000 -99.000000 -10.580616   0.000000   0.000025   0.000035   0.000258  0.000E+00   delta_mstar

        280   6.469716  1.024E+04   4.987548   4.987548  29.440478  29.440478   0.751186   0.000007   0.248555 -10.193802   1456      8
 2.5282E+00   6.469716   1.984127 -99.000000  -8.744943  -3.000000   0.000000   0.248555   0.000123   0.000258   0.010370      3
 2.8740E+04  -2.757370   4.964882 -99.000000 -99.000000 -10.564356   0.000000   0.000025   0.000035   0.000258  0.000E+00   delta_mstar

        290   6.484540  1.088E+04   5.152325   5.152325  34.640078  34.640078   0.751186   0.000007   0.248555 -10.326486   1488      8
 2.9002E+00   6.484540   2.015100 -99.000000  -8.592650  -3.000000   0.000000   0.248555   0.000123   0.000258   0.009754      3
 3.3940E+04  -2.792743   5.131809 -99.000000 -99.000000 -10.526645   0.000000   0.000025   0.000035   0.000258  0.000E+00   delta_mstar

        300   6.497756  1.147E+04   5.300758   5.300758  40.381482  40.381482   0.751186   0.000007   0.248555 -10.444223   1491      8
 2.7554E+00   6.497756   2.045905 -99.000000  -8.455229  -3.000000   0.000000   0.248555   0.000123   0.000258   0.009237      3
 3.9681E+04  -2.824038   5.285254 -99.000000 -99.000000 -10.491149   0.000000   0.000025   0.000035   0.000258  0.000E+00   delta_mstar

        310   6.509733  1.201E+04   5.436444   5.436444  46.732682  46.732682   0.751186   0.000007   0.248555 -10.550424   1468      8
 2.7285E+00   6.509733   2.075505 -99.000000  -8.329410  -3.000000   0.000000   0.248555   0.000123   0.000258   0.008794      3
 4.6033E+04  -2.852182   5.423926 -99.000000 -99.000000 -10.462495   0.000000   0.000025   0.000035   0.000258  0.000E+00   delta_mstar

        320   6.522366  1.258E+04   5.581390   5.581390  54.997603  54.997603   0.751186   0.000007   0.248555 -10.662960   1460      8
 3.1038E+00   6.522366   2.108661 -99.000000  -8.194790  -3.000000   0.000000   0.248555   0.000123   0.000258   0.008348      3
 5.4298E+04  -2.882093   5.570104 -99.000000 -99.000000 -10.435188   0.000000   0.000025   0.000035   0.000258  0.000E+00   delta_mstar

        330   6.533630  1.308E+04   5.712103   5.712103  64.142209  64.142209   0.751186   0.000007   0.248555 -10.764287   1482      8
 2.9574E+00   6.533630   2.141207 -99.000000  -8.073191  -3.000000   0.000000   0.248555   0.000123   0.000258   0.007967      3
 6.3442E+04  -2.909191   5.703188 -99.000000 -99.000000 -10.417184   0.000000   0.000025   0.000035   0.000258  0.000E+00   delta_mstar

        340   6.543833  1.352E+04   5.832078   5.832078  74.306720  74.306720   0.751186   0.000007   0.248555 -10.857294   1476      8
 2.9305E+00   6.543833   2.172753 -99.000000  -7.961409  -3.000000   0.000000   0.248555   0.000123   0.000258   0.007633      3
 7.3607E+04  -2.934267   5.824652 -99.000000 -99.000000 -10.404590   0.000000   0.000025   0.000035   0.000258  0.000E+00   delta_mstar

        350   6.554545  1.398E+04   5.959684   5.959684  87.459921  87.459921   0.751186   0.000007   0.248555 -10.956445   1461      8
 3.3067E+00   6.554545   2.208053 -99.000000  -7.842333  -3.000000   0.000000   0.248555   0.000123   0.000258   0.007295      3
 8.6760E+04  -2.961247   5.952983 -99.000000 -99.000000 -10.394144   0.000000   0.000025   0.000035   0.000258  0.000E+00   delta_mstar

        360   6.564141  1.438E+04   6.075695   6.075695  1.021E+02  1.021E+02   0.751186   0.000007   0.248555 -11.047230   1483      8
 3.1629E+00   6.564141   2.242509 -99.000000  -7.733903  -3.000000   0.000000   0.248555   0.000123   0.000258   0.007000      3
 1.0138E+05  -2.986270   6.070226 -99.000000 -99.000000 -10.388056   0.000000   0.000025   0.000035   0.000258  0.000E+00   delta_mstar

        370   6.572727  1.471E+04   6.181032   6.181032  1.181E+02  1.181E+02   0.751186   0.000007   0.248555 -11.130186   1501      8
 3.1433E+00   6.572727   2.275410 -99.000000  -7.635304  -3.000000   0.000000   0.248555   0.000123   0.000258   0.006742      3
 1.1737E+05  -3.009408   6.176359 -99.000000 -99.000000 -10.384442   0.000000   0.000025   0.000035   0.000258  0.000E+00   delta_mstar

        380   6.581273  1.503E+04   6.287361   6.287361  1.375E+02  1.375E+02   0.751186   0.000007   0.248555 -11.214520   1488      8
 3.3990E+00   6.581273   2.310232 -99.000000  -7.535632  -3.000000   0.000000   0.248555   0.000123   0.000258   0.006491      3
 1.3676E+05  -3.033204   6.283167 -99.000000 -99.000000 -10.382315   0.000000   0.000025   0.000035   0.000258  0.000E+00    varcontrol

        390   6.589944  1.533E+04   6.397033   6.397033  1.617E+02  1.617E+02   0.751186   0.000007   0.248555 -11.302389   1482      8
 3.4605E+00   6.589944   2.348158 -99.000000  -7.432673  -3.000000   0.000000   0.248555   0.000123   0.000258   0.006241      3
 1.6102E+05  -3.058349   6.393421 -99.000000 -99.000000 -10.381991   0.000000   0.000025   0.000035   0.000258  0.000E+00   delta_mstar

        400   6.597502  1.557E+04   6.494209   6.494209  1.877E+02  1.877E+02   0.751186   0.000007   0.248555 -11.381111   1493      8
 3.3453E+00   6.597502   2.383459 -99.000000  -7.341311  -3.000000   0.000000   0.248555   0.000123   0.000258   0.006027      3
 1.8697E+05  -3.081191   6.491120 -99.000000 -99.000000 -10.383204   0.000000   0.000025   0.000035   0.000258  0.000E+00   delta_mstar

        410   6.604822  1.579E+04   6.589846   6.589846  2.183E+02  2.183E+02   0.751186   0.000007   0.248555 -11.459409   1476      8
 3.6045E+00   6.604822   2.419550 -99.000000  -7.251272  -3.000000   0.000000   0.248555   0.000123   0.000258   0.005822      3
 2.1756E+05  -3.104204   6.587051 -99.000000 -99.000000 -10.385415   0.000000   0.000025   0.000035   0.000258  0.000E+00    varcontrol

        420   6.612366  1.599E+04   6.690149   6.690149  2.569E+02  2.569E+02   0.751186   0.000007   0.248555 -11.542547   1457      8
 3.6619E+00   6.612366   2.459016 -99.000000  -7.156709  -3.000000   0.000000   0.248555   0.000123   0.000258   0.005614      3
 2.5624E+05  -3.128986   6.687705 -99.000000 -99.000000 -10.388995   0.000000   0.000025   0.000035   0.000258  0.000E+00   delta_mstar

        430   6.618945  1.614E+04   6.778879   6.778879  2.981E+02  2.981E+02   0.751186   0.000007   0.248555 -11.616872   1493      8
 3.5456E+00   6.618945   2.495271 -99.000000  -7.072942  -3.000000   0.000000   0.248555   0.000123   0.000258   0.005435      3
 2.9735E+05  -3.151387   6.776751 -99.000000 -99.000000 -10.393189   0.000000   0.000025   0.000035   0.000258  0.000E+00   delta_mstar

        440   6.625857  1.628E+04   6.873978   6.873978  3.509E+02  3.509E+02   0.751186   0.000007   0.248555 -11.697466   1471      8
 3.9068E+00   6.625857   2.535326 -99.000000  -6.983048  -3.000000   0.000000   0.248555   0.000123   0.000258   0.005249      3
 3.5017E+05  -3.176011   6.872039 -99.000000 -99.000000 -10.398488   0.000000   0.000025   0.000035   0.000258  0.000E+00   delta_mstar

        450   6.632094  1.639E+04   6.961272   6.961272  4.091E+02  4.091E+02   0.751186   0.000007   0.248555 -11.772281   1459      8
 3.7610E+00   6.632094   2.573355 -99.000000  -6.900427  -3.000000   0.000000   0.248555   0.000123   0.000258   0.005084      3
 4.0837E+05  -3.199139   6.959576 -99.000000 -99.000000 -10.404326   0.000000   0.000025   0.000035   0.000258  0.000E+00   delta_mstar

        460   6.637842  1.647E+04   7.042965   7.042965  4.737E+02  4.737E+02   0.751186   0.000007   0.248555 -11.842950   1475      8
 3.7347E+00   6.637842   2.609908 -99.000000  -6.823019  -3.000000   0.000000   0.248555   0.000123   0.000258   0.004932      3
 4.7299E+05  -3.221201   7.041450 -99.000000 -99.000000 -10.410482   0.000000   0.000025   0.000035   0.000258  0.000E+00   delta_mstar

        470   6.643976  1.654E+04   7.131571   7.131571  5.571E+02  5.571E+02   0.751186   0.000007   0.248555 -11.920280   1488      8
 4.1027E+00   6.643976   2.650462 -99.000000  -6.738966  -3.000000   0.000000   0.248555   0.000123   0.000258   0.004773      3
 5.5643E+05  -3.245575   7.130186 -99.000000 -99.000000 -10.417710   0.000000   0.000025   0.000035   0.000258  0.000E+00   delta_mstar

        480   6.649630  1.659E+04   7.214289   7.214289  6.503E+02  6.503E+02   0.751186   0.000007   0.248555 -11.993136   1464      8
 3.9104E+00   6.649630   2.689332 -99.000000  -6.660412  -3.000000   0.000000   0.248555   0.000123   0.000258   0.004628      3
 6.4956E+05  -3.268727   7.213062 -99.000000 -99.000000 -10.425176   0.000000   0.000025   0.000035   0.000258  0.000E+00   delta_mstar

        490   6.654954  1.663E+04   7.293707   7.293707  7.561E+02  7.561E+02   0.751186   0.000007   0.248555 -12.063695   1487      8
 4.1381E+00   6.654954   2.727409 -99.000000  -6.584917  -3.000000   0.000000   0.248555   0.000123   0.000258   0.004493      3
 7.5540E+05  -3.291377   7.292584 -99.000000 -99.000000 -10.432858   0.000000   0.000025   0.000035   0.000258  0.000E+00    varcontrol

        500   6.660592  1.664E+04   7.379161   7.379161  8.918E+02  8.918E+02   0.751186   0.000007   0.248555 -12.140311   1484      8
 4.1009E+00   6.660592   2.769235 -99.000000  -6.503602  -3.000000   0.000000   0.248555   0.000123   0.000258   0.004352      3
 8.9108E+05  -3.316186   7.378158 -99.000000 -99.000000 -10.441658   0.000000   0.000025   0.000035   0.000258  0.000E+00   delta_mstar

                                          s% tau_base =    6.6666666666666663D-01
                                        s% tau_factor =    1.0000000000000000D+00
                                     atm_option = T_tau

 finished doing relax mass

                                    s% max_model_number           1
                         relax_initial_mass to new_mass    1.0000000000000000D+03
 net name sagb_NeNa_MgAl.net
 rotation_flag T
 species
     1   neut    
     2   h1      
     3   h2      
     4   he3     
     5   he4     
     6   li7     
     7   be7     
     8   b8      
     9   c12     
    10   c13     
    11   n13     
    12   n14     
    13   n15     
    14   o16     
    15   o17     
    16   o18     
    17   f19     
    18   ne20    
    19   ne21    
    20   ne22    
    21   na21    
    22   na22    
    23   na23    
    24   mg24    
    25   mg25    
    26   mg26    
    27   al25    
    28   al26    
    29   al27    

 kap_option gs98
 kap_CO_option gs98_co
 kap_lowT_option lowT_fa05_gs98
                                        OMP_NUM_THREADS          10



stop because model_number >= max_model_number
        1        1

          1   6.664334  1.664E+04   7.436820   7.436820  1.000E+03  1.000E+03   0.751186   0.000007   0.248555 -12.193332   1492      0
-6.0000E+00   6.664334   2.798581 -99.000000  -6.448670 -99.000000   0.000000   0.248555   0.000123   0.000258   0.004257      5
 1.0000E-06  -3.333594   7.436783 -99.000000 -99.000000 -10.448359   0.000000   0.000025   0.000035   0.000258  0.000E+00        max_dt

save LOGS1/profile1.data for model 1
                                         solver retries          10

                                    varcontrol dt limit         145
                                  max increase dt limit         338
                                   delta_mstar dt limit         406

 model saved to step1_final.mod
save photos1/x0001 for model 1
termination code: max_model_number
save LOGS1/final_profile.data for model 1
__________________________________________________________________________________________________________________________________________________

       step    lg_Tmax     Teff     lg_LH      lg_Lnuc     Mass       H_rich     H_cntr     N_cntr     Y_surf   eta_cntr   zones  retry
  lg_dt_yrs    lg_Tcntr    lg_R     lg_L3a     lg_Lneu     lg_Mdot    He_core    He_cntr    O_cntr     Z_surf   gam_cntr   iters  
    age_yrs    lg_Dcntr    lg_L     lg_LZ      lg_Lphoto   lg_Dsurf   CO_core    C_cntr     Ne_cntr    Z_cntr   v_div_cs       dt_limit
__________________________________________________________________________________________________________________________________________________

          1   6.664334  1.664E+04   7.436820   7.436820  1.000E+03  1.000E+03   0.751186   0.000007   0.248555 -12.193332   1492      0
-6.0000E+00   6.664334   2.798581 -99.000000  -6.448670 -99.000000   0.000000   0.248555   0.000123   0.000258   0.004257      5
 1.0000E-06  -3.333594   7.436783 -99.000000 -99.000000 -10.448359   0.000000   0.000025   0.000035   0.000258  0.000E+00  max increase

DATE: 2024-02-20
TIME: 15:22:00
